ARRAY UNSORTED: 11 2 88 5 45 29 7 12 
2 11 88 5 45 29 7 12 
2 11 88 5 45 29 7 12 
2 5 11 88 45 29 7 12 
2 5 11 45 88 29 7 12 
2 5 11 29 45 88 7 12 
2 5 7 11 29 45 88 12 
2 5 7 11 12 29 45 88 
ARRAY INSERTION-SORTED: 2 5 7 11 12 29 45 88 
ARRAY UNSORTED: 88 45 29 12 11 7 5 2 
45 88 29 12 11 7 5 2 
29 45 88 12 11 7 5 2 
12 29 45 88 11 7 5 2 
11 12 29 45 88 7 5 2 
7 11 12 29 45 88 5 2 
5 7 11 12 29 45 88 2 
2 5 7 11 12 29 45 88 
ARRAY INSERTION-SORTED: 2 5 7 11 12 29 45 88 
ARRAY UNSORTED: 1 -3 7 99 -77 2 4 -1 
-3 1 7 99 -77 2 4 -1 
-3 1 7 99 -77 2 4 -1 
-3 1 7 99 -77 2 4 -1 
-77 -3 1 7 99 2 4 -1 
-77 -3 1 2 7 99 4 -1 
-77 -3 1 2 4 7 99 -1 
-77 -3 -1 1 2 4 7 99 
ARRAY INSERTION-SORTED: -77 -3 -1 1 2 4 7 99 
ARRAY UNSORTED: 1 2 3 13 12 11 19 10 
1 2 3 13 12 11 19 10 
1 2 3 13 12 11 19 10 
1 2 3 13 12 11 19 10 
1 2 3 12 13 11 19 10 
1 2 3 11 12 13 19 10 
1 2 3 11 12 13 19 10 
1 2 3 10 11 12 13 19 
ARRAY INSERTION-SORTED: 1 2 3 10 11 12 13 19 
LIST UNSORTED: 2 5 7 11 12 29 45 88 
2 5 7 11 12 29 45 88 
2 5 7 11 
2 5 
2 
5 
7 11 
7 
11 
12 29 45 88 
12 29 
12 
29 
45 88 
45 
88 
LIST MERGE-SORTED: 2 5 7 11 12 29 45 88 
LIST UNSORTED: 2 5 7 11 12 29 45 88 
2 5 7 11 12 29 45 88 
2 5 7 11 
2 5 
2 
5 
7 11 
7 
11 
12 29 45 88 
12 29 
12 
29 
45 88 
45 
88 
LIST MERGE-SORTED: 2 5 7 11 12 29 45 88 
LIST UNSORTED: -77 -3 -1 1 2 4 7 99 
-77 -3 -1 1 2 4 7 99 
-77 -3 -1 1 
-77 -3 
-77 
-3 
-1 1 
-1 
1 
2 4 7 99 
2 4 
2 
4 
7 99 
7 
99 
LIST MERGE-SORTED: -77 -3 -1 1 2 4 7 99 
LIST UNSORTED: 1 2 3 10 11 12 13 19 
1 2 3 10 11 12 13 19 
1 2 3 10 
1 2 
1 
2 
3 10 
3 
10 
11 12 13 19 
11 12 
11 
12 
13 19 
13 
19 
LIST MERGE-SORTED: 1 2 3 10 11 12 13 19 
ARRAY UNSORTED: 75 98 36 3 73 44 59 48 67 56 
75 98 36 3 73 44 59 48 67 56 
36 75 98 3 73 44 59 48 67 56 
3 36 75 98 73 44 59 48 67 56 
3 36 73 75 98 44 59 48 67 56 
3 36 44 73 75 98 59 48 67 56 
3 36 44 59 73 75 98 48 67 56 
3 36 44 48 59 73 75 98 67 56 
3 36 44 48 59 67 73 75 98 56 
3 36 44 48 56 59 67 73 75 98 
ARRAY INSERTION-SORTED: 3 36 44 48 56 59 67 73 75 98 
LIST UNSORTED: 53 75 4 46 61 33 8 73 67 75 
53 75 4 46 61 33 8 73 67 75 
53 75 4 46 61 
53 75 4 
53 75 
53 
75 
4 
46 61 
46 
61 
33 8 73 67 75 
33 8 73 
33 8 
33 
8 
73 
67 75 
67 
75 
LIST MERGE-SORTED: 4 8 33 46 53 61 67 73 75 75 
LIST UNSORTED: 66 33 7 91 90 22 7 76 21 5 
66 33 7 91 90 22 7 76 21 5 
66 33 7 91 90 
66 33 7 
66 33 
66 
33 
7 
91 90 
91 
90 
22 7 76 21 5 
22 7 76 
22 7 
22 
7 
76 
21 5 
21 
5 
LIST MERGE-SORTED: 5 7 7 21 22 33 66 76 90 91 
LIST UNSORTED: 95 93 94 47 8 81 24 80 73 98 
8 93 94 47 95 81 24 80 73 98 
8 24 94 47 95 81 93 80 73 98 
8 24 47 94 95 81 93 80 73 98 
8 24 47 73 95 81 93 80 94 98 
8 24 47 73 80 81 93 95 94 98 
8 24 47 73 80 81 93 95 94 98 
8 24 47 73 80 81 93 95 94 98 
8 24 47 73 80 81 93 94 95 98 
8 24 47 73 80 81 93 94 95 98 
LIST SELECTION-SORTED: 8 24 47 73 80 81 93 94 95 98 
LIST UNSORTED: 42 39 84 19 9 3 2 18 60 21 
2 39 84 19 9 3 42 18 60 21 
2 3 84 19 9 39 42 18 60 21 
2 3 9 19 84 39 42 18 60 21 
2 3 9 18 84 39 42 19 60 21 
2 3 9 18 19 39 42 84 60 21 
2 3 9 18 19 21 42 84 60 39 
2 3 9 18 19 21 39 84 60 42 
2 3 9 18 19 21 39 42 60 84 
2 3 9 18 19 21 39 42 60 84 
LIST SELECTION-SORTED: 2 3 9 18 19 21 39 42 60 84 